Latitude,Longitude
-7.355487559,112.774273485
-7.355488626,112.774276991
-7.355488626,112.774276991
-7.355488626,112.774276991
-7.355488626,112.774276991
-7.355488626,112.774276991
-7.355488626,112.774276991
-7.355487559,112.774273485
-7.355487111,112.774281836
-7.355487111,112.774281836
-7.355487111,112.774281836
-7.355486044,112.77427833
-7.355494563,112.774286681
-7.355494563,112.774286681
-7.355493496,112.774283175
-7.355493496,112.774283175
-7.355493496,112.774283175
-7.355493048,112.774291526
-7.355493048,112.774291526
-7.35549198,112.77428802
-7.35549198,112.77428802
-7.35549198,112.77428802
-7.35549198,112.77428802
-7.355491532,112.774296371
-7.355491532,112.774296371
-7.3555005,112.774296371
-7.3555005,112.774296371
-7.3555005,112.774296371
-7.355499433,112.774292865
-7.355499433,112.774292865
-7.355499433,112.774292865
-7.355498984,112.774301216
-7.355498984,112.774301216
-7.355498984,112.774301216
-7.355498984,112.774301216
-7.355498984,112.774301216
-7.355498984,112.774301216
-7.355498984,112.774301216
-7.355498984,112.774301216
-7.355497917,112.77429771
-7.355497917,112.77429771
-7.355497917,112.77429771
-7.355497917,112.77429771
-7.355497917,112.77429771
-7.355497917,112.77429771
-7.355497469,112.774306061
-7.355497469,112.774306061
-7.355497469,112.774306061
-7.355497469,112.774306061
-7.355497469,112.774306061
-7.355497469,112.774306061
-7.355497469,112.774306061
-7.355497469,112.774306061
-7.355497469,112.774306061
-7.355497469,112.774306061
-7.355497469,112.774306061
-7.355497469,112.774306061
-7.355497469,112.774306061
-7.355497469,112.774306061
-7.355497469,112.774306061
-7.355497469,112.774306061
-7.355505369,112.774302555
-7.355505369,112.774302555
-7.355505369,112.774302555
-7.355505369,112.774302555
-7.355505369,112.774302555
-7.355505369,112.774302555
-7.355505369,112.774302555
-7.355505369,112.774302555
-7.355505369,112.774302555
-7.355505369,112.774302555
-7.355505369,112.774302555
-7.355505369,112.774302555
-7.355505369,112.774302555
-7.355505369,112.774302555
-7.355505369,112.774302555
-7.355505369,112.774302555
-7.355505369,112.774302555
-7.355505369,112.774302555
-7.355504921,112.774310906
-7.355504921,112.774310906
-7.355504921,112.774310906
-7.355504921,112.774310906
-7.355504921,112.774310906
-7.355504921,112.774310906
-7.355504921,112.774310906
-7.355504921,112.774310906
-7.355504921,112.774310906
-7.355504921,112.774310906
-7.355504921,112.774310906
-7.355504921,112.774310906
-7.355504921,112.774310906
-7.355504921,112.774310906
-7.355504921,112.774310906
-7.355504921,112.774310906
-7.355504921,112.774310906
-7.355504921,112.774310906
-7.355504921,112.774310906
-7.355504921,112.774310906
-7.355504921,112.774310906
-7.355504921,112.774310906
-7.355504921,112.774310906
-7.355504921,112.774310906
-7.355504921,112.774310906
-7.355504921,112.774310906
-7.355504921,112.774310906
-7.355504921,112.774310906
-7.355504921,112.774310906
-7.355504921,112.774310906
-7.355504921,112.774310906
-7.355504921,112.774310906
-7.355504921,112.774310906
-7.355504921,112.774310906
-7.355504921,112.774310906
-7.355504921,112.774310906
-7.355504921,112.774310906
-7.355504921,112.774310906
-7.355504921,112.774310906
-7.355504921,112.774310906
-7.355504921,112.774310906
-7.355504921,112.774310906
-7.355504921,112.774310906
-7.355504921,112.774310906
-7.355504921,112.774310906
-7.355504921,112.774310906
-7.355504921,112.774310906
-7.355504921,112.774310906
-7.355504921,112.774310906
-7.355504921,112.774310906
-7.355504921,112.774310906
-7.355504921,112.774310906
-7.355504921,112.774310906
-7.355504921,112.774310906
-7.355504921,112.774310906
-7.355504921,112.774310906
-7.355504921,112.774310906
-7.355504921,112.774310906
-7.355504921,112.774310906
-7.355504921,112.774310906
-7.355504921,112.774310906
-7.355504921,112.774310906
-7.355504921,112.774310906
-7.355504921,112.774310906
-7.355504921,112.774310906
-7.355504921,112.774310906
-7.355504921,112.774310906
-7.355504921,112.774310906
-7.355504921,112.774310906
-7.355504921,112.774310906
-7.355504921,112.774310906
-7.355504921,112.774310906
-7.355504921,112.774310906
-7.355504921,112.774310906
-7.355504921,112.774310906
-7.355504921,112.774310906
-7.355504921,112.774310906
-7.355504921,112.774310906
-7.355504921,112.774310906
-7.355504921,112.774310906
-7.355504921,112.774310906
-7.355504921,112.774310906
-7.355504921,112.774310906
-7.355504921,112.774310906
-7.355504921,112.774310906
-7.355504921,112.774310906
-7.355504921,112.774310906
-7.355504921,112.774310906
-7.355504921,112.774310906
-7.355504921,112.774310906
-7.355504921,112.774310906
-7.355504921,112.774310906
-7.355504921,112.774310906
-7.355504921,112.774310906
-7.355504921,112.774310906
-7.355504921,112.774310906
-7.355504921,112.774310906
-7.355504921,112.774310906
-7.355504921,112.774310906
-7.355504921,112.774310906
-7.355504921,112.774310906
-7.355504921,112.774310906
-7.355504921,112.774310906
-7.355504921,112.774310906
-7.355504921,112.774310906
-7.355504921,112.774310906
-7.355504921,112.774310906
-7.355504921,112.774310906
-7.355504921,112.774310906
-7.355504921,112.774310906
-7.355504921,112.774310906
-7.355504921,112.774310906
-7.355504921,112.774310906
-7.355504921,112.774310906
-7.355504921,112.774310906
-7.355504921,112.774310906
-7.355504921,112.774310906
-7.355504921,112.774310906
-7.355504921,112.774310906
-7.355504921,112.774310906
-7.355504921,112.774310906
-7.355504921,112.774310906
-7.355504921,112.774310906
-7.355504921,112.774310906
-7.355504921,112.774310906
-7.355504921,112.774310906
-7.355504921,112.774310906
-7.355504921,112.774310906
-7.355504921,112.774310906
-7.355504921,112.774310906
-7.355504921,112.774310906
-7.355504921,112.774310906
-7.355504921,112.774310906
-7.355504921,112.774310906
-7.355504921,112.774310906
-7.355504921,112.774310906
-7.355504921,112.774310906
-7.355504921,112.774310906
-7.355505369,112.774302555
-7.355505369,112.774302555
-7.355505369,112.774302555
-7.355505369,112.774302555
-7.355505369,112.774302555
-7.355505369,112.774302555
-7.355505369,112.774302555
-7.355506437,112.774306061
-7.355506437,112.774306061
-7.355506437,112.774306061
-7.355506437,112.774306061
-7.355506437,112.774306061
-7.355506437,112.774306061
-7.355506437,112.774306061
-7.355506437,112.774306061
-7.355506437,112.774306061
-7.355506437,112.774306061
-7.355506437,112.774306061
-7.355506437,112.774306061
-7.355506437,112.774306061
-7.355506437,112.774306061
-7.355506437,112.774306061
-7.355506437,112.774306061
-7.355506437,112.774306061
-7.355506437,112.774306061
-7.355506437,112.774306061
-7.355506437,112.774306061
-7.355506437,112.774306061
-7.355506437,112.774306061
-7.355506437,112.774306061
-7.355506437,112.774306061
-7.355506437,112.774306061
-7.355506437,112.774306061
-7.355506437,112.774306061
-7.355506437,112.774306061
-7.355506437,112.774306061
-7.355506437,112.774306061
-7.355506437,112.774306061
-7.355506437,112.774306061
-7.355506437,112.774306061
-7.355506437,112.774306061
-7.355506437,112.774306061
-7.355506437,112.774306061
-7.355506437,112.774306061
-7.355506437,112.774306061
-7.355506437,112.774306061
-7.355506437,112.774306061
-7.355506437,112.774306061
-7.355506437,112.774306061
-7.355506437,112.774306061
-7.355506437,112.774306061
-7.355506437,112.774306061
-7.355506437,112.774306061
-7.355506437,112.774306061
-7.355506437,112.774306061
-7.355506437,112.774306061
-7.355506437,112.774306061
-7.355506437,112.774306061
-7.355506437,112.774306061
-7.355506437,112.774306061
-7.355506437,112.774306061
-7.355506437,112.774306061
-7.355506437,112.774306061
-7.355506437,112.774306061
-7.355506437,112.774306061
-7.355506437,112.774306061
-7.355506437,112.774306061
-7.355506437,112.774306061
-7.355515853,112.77429771
-7.355515853,112.77429771
-7.355515853,112.77429771
-7.355514337,112.774302555
-7.355514337,112.774302555
-7.355514337,112.774302555
-7.355514337,112.774302555
-7.355514337,112.774302555
-7.355514337,112.774302555
-7.35551327,112.774299049
-7.35551327,112.774299049
-7.355502786,112.774303894
-7.355502786,112.774303894
-7.355502786,112.774303894
-7.355503235,112.774295543
-7.355502786,112.774303894
-7.355502786,112.774303894
-7.355501719,112.774300388
-7.355501719,112.774300388
-7.355501719,112.774300388
-7.355510687,112.774300388
-7.355510687,112.774300388
-7.355510687,112.774300388
-7.355510687,112.774300388
-7.355510687,112.774300388
-7.355510687,112.774300388
-7.355511754,112.774303894
-7.355511754,112.774303894
-7.355511135,112.774292037
-7.355511135,112.774292037
-7.355511135,112.774292037
-7.355519035,112.774288531
-7.355511135,112.774292037
-7.355511135,112.774292037
-7.355511135,112.774292037
-7.355511135,112.774292037
-7.355511135,112.774292037
-7.355511135,112.774292037
-7.355510068,112.774288531
-7.355511135,112.774292037
-7.355511135,112.774292037
-7.355511135,112.774292037
-7.355511135,112.774292037
-7.355510068,112.774288531
-7.355510068,112.774288531
-7.355510068,112.774288531
-7.355510068,112.774288531
-7.355510068,112.774288531
-7.355509,112.774285025
-7.355517968,112.774285025
-7.355517968,112.774285025
-7.355517968,112.774285025
-7.355517968,112.774285025
-7.355518416,112.774276674
-7.355518416,112.774276674
-7.355518416,112.774276674
-7.355518416,112.774276674
-7.355518416,112.774276674
-7.355518416,112.774276674
-7.355517968,112.774285025
-7.355517968,112.774285025
-7.35551752,112.774293376
-7.35551752,112.774293376
-7.35551752,112.774293376
-7.35551752,112.774293376
-7.35551752,112.774293376
-7.35551752,112.774293376
-7.355508552,112.774293376
-7.355508552,112.774293376
-7.355508552,112.774293376
-7.35551752,112.774293376
-7.355517072,112.774301727
-7.355517072,112.774301727
-7.355517072,112.774301727
-7.355517072,112.774301727
-7.355517072,112.774301727
-7.355517072,112.774301727
-7.355517072,112.774301727
-7.355517072,112.774301727
-7.355517072,112.774301727
-7.355517072,112.774301727
-7.355517072,112.774301727
-7.355517072,112.774301727
-7.355517072,112.774301727
-7.355517072,112.774301727
-7.355517072,112.774301727
-7.355517072,112.774301727
-7.355517072,112.774301727
-7.355517072,112.774301727
-7.355517072,112.774301727
-7.355517072,112.774301727
-7.355517072,112.774301727
-7.355517072,112.774301727
-7.355517072,112.774301727
-7.355517072,112.774301727
-7.355517072,112.774301727
-7.355517072,112.774301727
-7.355517072,112.774301727
-7.355517072,112.774301727
-7.355517072,112.774301727
-7.355517072,112.774301727
-7.355517072,112.774301727
-7.355517072,112.774301727
-7.355517072,112.774301727
-7.355517072,112.774301727
-7.355517072,112.774301727
-7.355517072,112.774301727
-7.355517072,112.774301727
-7.355517072,112.774301727
-7.355517072,112.774301727
-7.355517072,112.774301727
-7.355517072,112.774301727
-7.355517072,112.774301727
-7.355517072,112.774301727
-7.355517072,112.774301727
-7.355517072,112.774301727
-7.355517072,112.774301727
-7.355517072,112.774301727
-7.355517072,112.774301727
-7.355517072,112.774301727
-7.355517072,112.774301727
-7.355517072,112.774301727
-7.355516452,112.77428987
-7.355516452,112.77428987
-7.355516452,112.77428987
-7.35552542,112.77428987
-7.355534388,112.77428987
-7.355543804,112.774281519
-7.355543804,112.774281519
-7.355543804,112.774281519
-7.355543804,112.774281519
-7.35555322,112.774273168
-7.35555322,112.774273168
-7.35555322,112.774273168
-7.35555322,112.774273168
-7.35555322,112.774273168
-7.355562187,112.774273168
-7.355561568,112.774261311
-7.355561568,112.774261311
-7.355561568,112.774261311
-7.355561568,112.774261311
-7.355553048,112.774252959
-7.355553048,112.774252959
-7.355553048,112.774252959
-7.355553048,112.774252959
-7.355553048,112.774252959
-7.355553048,112.774252959
-7.355543633,112.774261311
-7.355543633,112.774261311
-7.355543633,112.774261311
-7.355543633,112.774261311
-7.355543633,112.774261311
-7.355525868,112.774281519
-7.355525868,112.774281519
-7.355525868,112.774281519
-7.355525868,112.774281519
-7.355525868,112.774281519
-7.355525868,112.774281519
-7.355525868,112.774281519
-7.355525868,112.774281519
-7.355525868,112.774281519
-7.355525868,112.774281519
-7.355525868,112.774281519
-7.355526936,112.774285025
-7.355526936,112.774285025
-7.355526936,112.774285025
-7.355526936,112.774285025
-7.355526936,112.774285025
-7.355526936,112.774285025
-7.355526936,112.774285025
-7.355526936,112.774285025
-7.355526936,112.774285025
-7.355526936,112.774285025
-7.355526936,112.774285025
-7.355527555,112.774296882
-7.355536523,112.774296882
-7.355536523,112.774296882
-7.355536523,112.774296882
-7.355536523,112.774296882
-7.355536523,112.774296882
-7.355536523,112.774296882
-7.355536523,112.774296882
-7.355536523,112.774296882
-7.355536075,112.774305233
-7.355536075,112.774305233
-7.355537142,112.774308739
-7.355537142,112.774308739
-7.355537142,112.774308739
-7.355537142,112.774308739
-7.355537142,112.774308739
-7.355537142,112.774308739
-7.355537142,112.774308739
-7.355537142,112.774308739
-7.355537142,112.774308739
-7.355537142,112.774308739
-7.355537142,112.774308739
-7.355537142,112.774308739
-7.355537142,112.774308739
-7.355537142,112.774308739
-7.355537142,112.774308739
-7.355537142,112.774308739
-7.355537142,112.774308739
-7.355528174,112.774308739
-7.355528174,112.774308739
-7.355528174,112.774308739
-7.355528174,112.774308739
-7.355528174,112.774308739
-7.355528174,112.774308739
-7.355528174,112.774308739
-7.355528174,112.774308739
-7.355528174,112.774308739
-7.355528174,112.774308739
-7.355528174,112.774308739
-7.355528174,112.774308739
-7.355528174,112.774308739
-7.355528174,112.774308739
-7.355528174,112.774308739
-7.355528174,112.774308739
-7.355528174,112.774308739
-7.355528174,112.774308739
-7.355528174,112.774308739
-7.355528174,112.774308739
-7.355528174,112.774308739
-7.355528174,112.774308739
-7.355528174,112.774308739
-7.355528174,112.774308739
-7.355528174,112.774308739
-7.355528622,112.774300388
-7.355528622,112.774300388
-7.355528622,112.774300388
-7.355528622,112.774300388
-7.355528622,112.774300388
-7.355528622,112.774300388
-7.355528622,112.774300388
-7.355528622,112.774300388
-7.355528622,112.774300388
-7.355528622,112.774300388
-7.355528622,112.774300388
-7.355528622,112.774300388
-7.355528622,112.774300388
-7.355528622,112.774300388
-7.355528622,112.774300388
-7.355528622,112.774300388
-7.355528622,112.774300388
-7.355528622,112.774300388
-7.355528622,112.774300388
-7.355528622,112.774300388
-7.355528622,112.774300388
-7.355528622,112.774300388
-7.355528622,112.774300388
-7.355528622,112.774300388
-7.355528622,112.774300388
-7.355528622,112.774300388
-7.355528622,112.774300388
-7.35552969,112.774303894
-7.35552969,112.774303894
-7.355520722,112.774303894
-7.355520722,112.774303894
-7.355520722,112.774303894
-7.355520722,112.774303894
-7.355520722,112.774303894
-7.355520722,112.774303894
-7.355520722,112.774303894
-7.355520722,112.774303894
-7.355520722,112.774303894
-7.355520722,112.774303894
-7.355520722,112.774303894
-7.355520722,112.774303894
-7.355520722,112.774303894
-7.355520722,112.774303894
-7.35552117,112.774295543
-7.35552117,112.774295543
-7.35552117,112.774295543
-7.35552117,112.774295543
-7.35552117,112.774295543
-7.35552117,112.774295543
-7.35552117,112.774295543
-7.35552117,112.774295543
-7.35552117,112.774295543
-7.35552117,112.774295543
-7.35552117,112.774295543
-7.35552117,112.774295543
-7.35552117,112.774295543
-7.35552117,112.774295543
-7.35552117,112.774295543
-7.35552117,112.774295543
-7.35552117,112.774295543
-7.35552117,112.774295543
-7.35552117,112.774295543
-7.35552117,112.774295543
-7.35552117,112.774295543
-7.35552117,112.774295543
-7.35552117,112.774295543
-7.35552117,112.774295543
-7.35552117,112.774295543
-7.35552117,112.774295543
-7.35552117,112.774295543
-7.35552117,112.774295543
-7.35552117,112.774295543
-7.35552117,112.774295543
-7.35552117,112.774295543
-7.35552117,112.774295543
-7.35552117,112.774295543
-7.35552117,112.774295543
-7.35552117,112.774295543
-7.35552117,112.774295543
-7.35552117,112.774295543
-7.35552117,112.774295543
-7.35552117,112.774295543
-7.35552117,112.774295543
-7.35552117,112.774295543
-7.35552117,112.774295543
-7.35552117,112.774295543
-7.35552117,112.774295543
-7.35552117,112.774295543
-7.35552117,112.774295543
-7.35552117,112.774295543
-7.35552117,112.774295543
-7.35552117,112.774295543
-7.35552117,112.774295543
-7.35552117,112.774295543
-7.35552117,112.774295543
-7.35552117,112.774295543
-7.35552117,112.774295543
-7.35552117,112.774295543
-7.35552117,112.774295543
-7.35552117,112.774295543
-7.35552117,112.774295543
-7.35552117,112.774295543
-7.35552117,112.774295543
-7.35552117,112.774295543
-7.35552117,112.774295543
-7.35552117,112.774295543
-7.35552117,112.774295543
-7.35552117,112.774295543
-7.35552117,112.774295543
-7.35552117,112.774295543
-7.35552117,112.774295543
-7.35552117,112.774295543
-7.35552117,112.774295543
-7.35552117,112.774295543
-7.35552117,112.774295543
-7.35552117,112.774295543
-7.35552117,112.774295543
-7.355522237,112.774299049
-7.355522237,112.774299049
-7.355522237,112.774299049
-7.355522237,112.774299049
-7.355522237,112.774299049
-7.355522237,112.774299049
-7.355522237,112.774299049
-7.355522237,112.774299049
-7.35552117,112.774295543
-7.35552117,112.774295543
-7.35552117,112.774295543
-7.35552117,112.774295543
-7.35552117,112.774295543
-7.35552117,112.774295543
-7.35552117,112.774295543
-7.35552117,112.774295543
-7.35552117,112.774295543
-7.35552117,112.774295543
-7.35552117,112.774295543
-7.355521618,112.774287192
-7.355521618,112.774287192
-7.355521618,112.774287192
-7.355521618,112.774287192
-7.355521618,112.774287192
-7.355521618,112.774287192
-7.355521618,112.774287192
-7.355521618,112.774287192
-7.355521618,112.774287192
-7.355521618,112.774287192
-7.355521618,112.774287192
-7.355521618,112.774287192
-7.35552117,112.774295543
-7.355530138,112.774295543
-7.355530138,112.774295543
-7.355530138,112.774295543
-7.355530138,112.774295543
-7.355531205,112.774299049
-7.355531205,112.774299049
-7.355531205,112.774299049
-7.355531205,112.774299049
-7.355531205,112.774299049
-7.355522237,112.774299049
-7.355521789,112.7743074
-7.355521789,112.7743074
-7.355521789,112.7743074
-7.355521789,112.7743074
-7.355521789,112.7743074
-7.355521789,112.7743074
-7.355521789,112.7743074
-7.355521789,112.7743074
-7.355521789,112.7743074
-7.355521789,112.7743074
-7.355521789,112.7743074
-7.355522857,112.774310906
-7.355522857,112.774310906
-7.355522857,112.774310906
-7.355522857,112.774310906
-7.355522857,112.774310906
-7.355530757,112.7743074
-7.355531205,112.774299049
-7.355531205,112.774299049
-7.355531205,112.774299049
-7.355531205,112.774299049
-7.355531205,112.774299049
-7.355531205,112.774299049
-7.355531205,112.774299049
-7.355531205,112.774299049
-7.355531205,112.774299049
-7.355531205,112.774299049
-7.355531205,112.774299049
-7.355531205,112.774299049
-7.355531205,112.774299049
-7.355531205,112.774299049
-7.355531205,112.774299049
-7.355531205,112.774299049
-7.355531205,112.774299049
-7.355531205,112.774299049
-7.355531205,112.774299049
-7.355531205,112.774299049
-7.355531205,112.774299049
-7.355531205,112.774299049
-7.355531205,112.774299049
-7.355531205,112.774299049
-7.355522237,112.774299049
-7.355522237,112.774299049
-7.355522237,112.774299049
-7.355522237,112.774299049
-7.355522237,112.774299049
-7.355522237,112.774299049
-7.355521789,112.7743074
-7.355521789,112.7743074
-7.355521789,112.7743074
-7.355521789,112.7743074
-7.355521789,112.7743074
-7.355521789,112.7743074
-7.355521789,112.7743074
-7.355521789,112.7743074
-7.355522237,112.774299049
-7.355522237,112.774299049
-7.355522237,112.774299049
-7.355522237,112.774299049
-7.355522237,112.774299049
-7.355522237,112.774299049
-7.355522237,112.774299049
-7.355522237,112.774299049
-7.355522237,112.774299049
-7.355522237,112.774299049
-7.355522237,112.774299049
-7.355522237,112.774299049
-7.355522237,112.774299049
-7.355522237,112.774299049
-7.355522237,112.774299049
-7.355522237,112.774299049
-7.355522237,112.774299049
-7.355522237,112.774299049
-7.355532273,112.774302555
-7.355531824,112.774310906
-7.355531824,112.774310906
-7.355531824,112.774310906
-7.355531824,112.774310906
-7.355531824,112.774310906
-7.355531824,112.774310906
-7.355531824,112.774310906
-7.355531824,112.774310906
-7.355531824,112.774310906
-7.355532892,112.774314412
-7.355532892,112.774314412
-7.355531824,112.774310906
-7.355531824,112.774310906
-7.355531824,112.774310906
-7.355531824,112.774310906
-7.355531824,112.774310906
-7.355531824,112.774310906
-7.355531824,112.774310906
-7.355531824,112.774310906
-7.355531824,112.774310906
-7.355531824,112.774310906
-7.355522857,112.774310906
-7.355522857,112.774310906
-7.355522857,112.774310906
-7.355522857,112.774310906
-7.355522857,112.774310906
-7.355522857,112.774310906
-7.355522857,112.774310906
-7.355522857,112.774310906
-7.355522857,112.774310906
-7.355522857,112.774310906
-7.355522857,112.774310906
-7.355522857,112.774310906
-7.355522857,112.774310906
-7.355522857,112.774310906
-7.355522857,112.774310906
-7.355522857,112.774310906
-7.355522857,112.774310906
-7.355522857,112.774310906
-7.355522857,112.774310906
-7.355522857,112.774310906
-7.355522857,112.774310906
-7.355522857,112.774310906
-7.355522409,112.774319257
-7.355522409,112.774319257
-7.355522409,112.774319257
-7.355522409,112.774319257
-7.355522409,112.774319257
-7.355522409,112.774319257
-7.355522409,112.774319257
-7.355522409,112.774319257
-7.355522409,112.774319257
-7.355522409,112.774319257
-7.355522409,112.774319257
-7.355522409,112.774319257
-7.355522409,112.774319257
-7.355522409,112.774319257
-7.355522409,112.774319257
-7.355522409,112.774319257
-7.355531376,112.774319257
-7.355531376,112.774319257
-7.355531376,112.774319257
-7.355531376,112.774319257
-7.355531376,112.774319257
-7.355531376,112.774319257
-7.355531376,112.774319257
-7.355531376,112.774319257
-7.355522409,112.774319257
-7.355522409,112.774319257
-7.355522857,112.774310906
-7.355522857,112.774310906
-7.355522857,112.774310906
-7.355522857,112.774310906
-7.355522857,112.774310906
-7.355522857,112.774310906
-7.355522857,112.774310906
-7.355522857,112.774310906
-7.355522857,112.774310906
-7.355522409,112.774319257
-7.355522409,112.774319257
-7.355513889,112.774310906
-7.355513889,112.774310906
-7.355522857,112.774310906
-7.355522857,112.774310906
-7.355522857,112.774310906
-7.355522857,112.774310906
-7.355522857,112.774310906
-7.355522857,112.774310906
-7.355522857,112.774310906
-7.355522857,112.774310906
-7.355522857,112.774310906
-7.355522857,112.774310906
-7.355513441,112.774319257
-7.355513441,112.774319257
-7.355513441,112.774319257
-7.355513441,112.774319257
-7.355513441,112.774319257
-7.355513441,112.774319257
-7.355513441,112.774319257
-7.355513441,112.774319257
-7.355512373,112.774315751
-7.355512373,112.774315751
-7.355512822,112.7743074
-7.355512822,112.7743074
-7.355512822,112.7743074
-7.355512822,112.7743074
-7.355512822,112.7743074
-7.355512822,112.7743074
-7.355512822,112.7743074
